cam_intrinsics: [634.023193359375, 633.559814453125, 641.8981323242188, 387.1009521484375]#fx fy cx cy

LED_positions:
  - x: 0.055
    y: -0.0225
    z: -0.010
  - x: 0.055
    y: 0.0225
    z: -0.010
  - x: 0.055
    y: 0.0225
    z: -0.055
  - x: 0.055
    y: -0.0225
    z: -0.055