cam_intrinsics: [420.8413391113281, 420.5337829589844, 425.25750732421875, 257.9543762207031]#fx fy cx cy

LED_positions:
  - x: 0.055
    y: -0.0225
    z: -0.010
  - x: 0.055
    y: 0.0225
    z: -0.010
  - x: 0.055
    y: 0.0225
    z: -0.055
  - x: 0.055
    y: -0.0225
    z: -0.055